0.03462963	0.08185185	0.99796295	
0.03462963	0.08222222	0.99792594	
0.03522222	0.08185185	0.99777776	
0.03466666	0.08229630	0.99796295	
0.03481482	0.08133333	0.99777776	
0.03518518	0.07388889	0.99833333	
0.03551852	0.07414816	0.99840748	
0.03537037	0.07392593	0.99848145	
0.03481482	0.07370371	0.99811113	
0.03407408	0.07333333	0.99766666	
0.01633333	0.01148148	-0.99811107
0.01629630	0.01155556	-0.99870378
0.01666667	0.01170370	-0.99833333
0.01588889	0.01181481	-0.99796295
0.01666667	0.01133333	-0.99870378
-0.00907407	0.00481481	-0.99851859
-0.00907407	0.00470370	-0.99888885
-0.00925926	0.00459259	-0.99911118
-0.00907407	0.00462963	-0.99907410
-0.00911111	0.00481481	-0.99885190
0.01444444	-0.98748147	0.17329630	
0.01444444	-0.98740739	0.17337038	
0.01466667	-0.98740739	0.17333333	
0.01455556	-0.98725921	0.17337038	
0.01448148	-0.98740739	0.17333333	
0.01207407	-0.99055558	0.15537037	
0.01214815	-0.99055558	0.15525925	
0.01196296	-0.99055558	0.15518518	
0.01222222	-0.99074066	0.15529630	
0.01188889	-0.99074066	0.15507407	
-0.01629630	0.99666673	-0.00951852
-0.01629630	0.99648154	-0.01000000
-0.01611111	0.99666673	-0.00981481
-0.01644444	0.99666673	-0.00981481
-0.01633333	0.99666673	-0.01003704
-0.03203704	0.99559259	-0.01603704
-0.03233334	0.99574071	-0.01611111
-0.03214815	0.99574071	-0.01592593
0.00733333	0.97492588	-0.00285185
-0.03514815	0.99066669	-0.07274074
0.99714816	0.01148148	-0.01255555
0.99703705	0.01133333	-0.01251852
0.99703705	0.01170370	-0.01203704
0.99703705	0.01185185	-0.01259259
0.99722224	0.01185185	-0.01262963
0.99733335	0.02277778	-0.00525926
0.99685180	0.02314815	-0.00407407
0.99651849	0.02277778	-0.00418518
0.99692595	0.02274074	-0.00433333
0.99740744	0.02259259	-0.00525926
-1.00503707	-0.00851852	0.01537037	
-1.00429630	-0.00888889	0.01444444	
-1.00399995	-0.00825926	0.01425926	
-1.00444448	-0.00881482	0.01392593	
-1.00425923	-0.00944444	0.01370370	
-1.00374067	-0.03496296	0.02903704	
-1.00374067	-0.03574074	0.02596296	
-1.00348151	-0.03381481	0.02637037	
-1.00344443	-0.03440741	0.02666667	
-1.00377774	-0.03581481	0.02651852	