0.05959745 0.07905831 0.99526888
0.05962418 0.07942886 0.99522769
0.06018344 0.07910413 0.99509323
0.05966704 0.07950519 0.99526441
0.05974032 0.07855590 0.99509263
0.05956820 0.07113725 0.99573839
0.05991977 0.07142009 0.99581480
0.05975732 0.07118623 0.99588889
0.05918293 0.07092739 0.99551249
0.05841240 0.07050768 0.99506086
0.00448333 0.03007970 -0.99887455
0.00444256 0.03015773 -0.99946821
0.00482746 0.03032888 -0.99909395
0.00406858 0.03037835 -0.99873739
0.00479425 0.02996296 -0.99945986
-0.02126488 0.02154817 -0.99961007
-0.02127897 0.02144134 -0.99997872
-0.02147473 0.02131917 -1.00020266
-0.02128737 0.02136942 -1.00016308
-0.02130699 0.02154922 -0.99994373
-0.05243967 -0.98169780 0.18302700
-0.05243303 -0.98162460 0.18310018
-0.05221277 -0.98160779 0.18306668
-0.05231168 -0.98146838 0.18310027
-0.05239681 -0.98162144 0.18306375
-0.05530713 -0.98474091 0.16511111
-0.05523528 -0.98473418 0.16500124
-0.05542050 -0.98474705 0.16492428
-0.05517473 -0.98491412 0.16504154
-0.05550954 -0.98493618 0.16481417
0.06043353 1.00098312 -0.02270656
0.06041222 1.00080347 -0.02318559
0.06061286 1.00100005 -0.02299970
0.06028159 1.00097549 -0.02300500
0.06038847 1.00098622 -0.02322530
0.04460739 0.99882281 -0.02945853
0.04432267 0.99894994 -0.02953895
0.04450966 0.99896145 -0.02935095
0.08241946 0.98092300 -0.01542169
0.04025056 0.99431533 -0.08611532
0.99489659 0.09120870 0.00157596
0.99477589 0.09105203 0.00161289
0.99481082 0.09141669 0.00208982
0.99481297 0.09157106 0.00153297
0.99499631 0.09158514 0.00149891
0.99602973 0.10242841 0.00874156
0.99559736 0.10274956 0.00991404
0.99523699 0.10235611 0.00980192
0.99563688 0.10235084 0.00966077
0.99608976 0.10224882	0.00874485
-0.99592090 -0.07675682 -0.00212912
-0.99522674 -0.07706180 -0.00303840
-0.99488872 -0.07640861 -0.00322590
-0.99537677 -0.07699281 -0.00355974
-0.99524266 -0.07760584 -0.00377170
-0.99636549 -0.10324401 0.01184911
-0.99647170 -0.10398633 0.00878606
-0.99606568 -0.10204717 0.00917540
-0.99606776 -0.10264002 0.00947882
-0.99650520 -0.10406941 0.00934148