-0.20288308	-0.25318858	0.79207456	
-0.20377293	-0.24986653	0.78691345	
-0.20169663	-0.25378183	0.79005754	
-0.20353560	-0.25123096	0.78999823	
-0.20270512	-0.25117165	0.79159999	
-0.10541616	0.30616361	0.81040514	
-0.10428902	0.30972296	0.80376112	
-0.10286528	0.30325681	0.80838823	
-0.10707718	0.30699414	0.80732042	
-0.10458563	0.30687553	0.80660856	
-0.14468768	-0.45286822	-0.93326217
-0.14296731	-0.45785135	-0.92495698
-0.14717922	-0.45209709	-0.93124521
-0.14332326	-0.45619029	-0.92738926
-0.14510293	-0.45452929	-0.92673671
0.29584152	-0.46544462	-0.93171978
0.29578218	-0.46146998	-0.94002497
0.29726523	-0.46680903	-0.93527919
0.29536691	-0.46455479	-0.93468589
0.29560420	-0.46289378	-0.93557578
0.33268079	0.89695674	0.32318920	
0.32977399	0.90158385	0.32194343	
0.33315533	0.89861786	0.32360446	
0.33107907	0.90128726	0.32781634	
0.33119771	0.90354156	0.32188410	
-0.16889127	0.88010919	0.19926439	
-0.17096755	0.88242275	0.20027289	
-0.16995907	0.88283795	0.20157799	
-0.16984043	0.88432103	0.20306103	
-0.16889128	0.88592279	0.20074746	
0.41935101	-0.97917783	0.18063714	
0.41875783	-0.97656763	0.17986593	
0.42053747	-0.97763550	0.18478970	
0.41976628	-0.97306758	0.17589132	
0.42166457	-0.98048294	0.18194222	
0.49302959	-0.97858465	-0.01714421
0.49166521	-0.97561848	-0.01868660
0.49261436	-0.97822869	-0.01678828
0.49107200	-0.97561848	-0.01975440
0.49344483	-0.97935581	-0.05647505
-0.78228629	0.32140952	-0.23669693
-0.78252351	0.32585871	-0.24322240
-0.78021002	0.31927389	-0.23545115
-0.78305751	0.32668918	-0.24423090
-0.77943879	0.31879932	-0.23883252
-0.80939674	0.12979771	0.31583321	
-0.80850685	0.12956043	0.31215519	
-0.80880344	0.12819600	0.31684169	
-0.80951536	0.13092485	0.31079078	
-0.80773574	0.12689091	0.31785017	
1.02307653	-0.25728184	-0.38464734
1.02556801	-0.26101917	-0.38126594
1.02254272	-0.25763780	-0.38156256
1.02544951	-0.25722253	-0.38316426
1.02337313	-0.25757843	-0.38185915
1.02100027	-0.06406835	-0.21462893
1.02111888	-0.06578870	-0.21925612
1.02046621	-0.06798363	-0.21617131
1.01975441	-0.06655989	-0.22050187
1.02005112	-0.06863617	-0.21623066